0
-0.998003
-0.996005
-0.994008
-0.99201
-0.990013
-0.988015
-0.986018
-0.98402
-0.982023
-0.980025
-0.978028
-0.97603
-0.972085
-0.96621
-0.958435
-0.948799
-0.937355
-0.924164
-0.909298
-0.892839
-0.874875
-0.855505
-0.834833
-0.812967
-0.788442
-0.759996
-0.726634
-0.687696
-0.642926
-0.592529
-0.537202
-0.47811
-0.416823
-0.355194
-0.295187
-0.238695
-0.186966
-0.14091
-0.101246
-0.0685152
-0.0429645
-0.0243903
-0.0120469
-0.00471065
-0.000917316
0.000719743
0.00125855
0.0013475
0.00130017
0.0012326
0.00117535
0.00113223
0.00110148
0.00108083
0.0010681
0.00106123
0.00105828
0.00105766
0.00105821
0.00105923
0.0010604
0.00106159
0.00106277
0.00106394
0.0010651
0.00106625
0.0010674
0.00106854
0.00106968
0.00107082
0.00107196
0.0010731
0.00107424
0.00107539
0.00107654
0.00107769
0.00107885
0.00108
0.00108116
0.00108232
0.00108349
0.00108465
0.00108582
0.00108699
0.00108817
0.00108934
0.00109052
0.0010917
0.00109289
0.00109407
0.00109526
0.00109645
0.00109765
0.00109884
0.00110004
0.00110124
0.00110245
0.00110365
0.00110486
0.00110607
0.00110729
0.0011085
0.00110972
0.00111094
0.00111217
0.0011134
0.00111463
0.00111586
0.00111709
0.00111833
0.00111957
0.00112081
0.00112206
0.00112331
0.00112456
0.00112581
0.00112707
0.00112833
0.00112959
0.00113085
0.00113212
0.00113339
0.00113466
0.00113594
0.00113722
0.0011385
0.00113978
0.00114107
0.00114236
0.00114365
0.00114494
0.00114624
0.00114754
0.00114885
0.00115015
0.00115146
0.00115277
0.00115409
0.00115541
0.00115673
0.00115805
0.00115938
0.00116071
0.00116204
0.00116338
0.00116471
0.00116605
0.0011674
0.00116875
0.0011701
0.00117145
0.00117281
0.00117416
0.00117553
0.00117689
0.00117826
0.00117963
0.00118101
0.00118238
0.00118376
0.00118515
0.00118653
0.00118792
0.00118932
0.00119071
0.00119211
0.00119351
0.00119492
0.00119633
0.00119774
0.00119916
0.00120057
0.00120199
0.00120342
0.00120485
0.00120628
0.00120771
0.00120915
0.00121059
0.00121203
0.00121348
0.00121493
0.00121639
0.00121784
0.0012193
0.00122077
0.00122223
0.00122371
0.00122518
0.00122666
0.00122814
0.00122962
0.00123111
0.0012326
0.00123409
0.00123559
0.00123709
0.0012386
0.0012401
0.00124162
0.00124313
0.00124465
0.00124617
0.0012477
0.00124923
0.00125076
0.00125229
0.00125383
0.00125538
0.00125692
0.00125847
0.00126003
0.00126158
0.00126315
0.00126471
0.00126628
0.00126785
0.00126943
0.00127101
0.00127259
0.00127418
0.00127577
0.00127736
0.00127896
0.00128056
0.00128216
0.00128377
0.00128539
0.001287
0.00128862
0.00129025
0.00129188
0.00129351
0.00129514
0.00129678
0.00129843
0.00130007
0.00130173
0.00130338
0.00130504
0.0013067
0.00130837
0.00131004
0.00131172
0.0013134
0.00131508
0.00131676
0.00131846
0.00132015
0.00132185
0.00132355
0.00132526
0.00132697
0.00132869
0.00133041
0.00133213
0.00133386
0.00133559
0.00133732
0.00133906
0.00134081
0.00134256
0.00134431
0.00134606
0.00134783
0.00134959
0.00135136
0.00135313
0.00135491
0.00135669
0.00135848
0.00136027
0.00136207
0.00136387
0.00136567
0.00136748
0.00136929
0.00137111
0.00137293
0.00137475
0.00137658
0.00137842
0.00138026
0.0013821
0.00138395
0.0013858
0.00138766
0.00138952
0.00139139
0.00139326
0.00139513
0.00139701
0.00139889
0.00140078
0.00140268
0.00140457
0.00140648
0.00140838
0.0014103
0.00141221
0.00141413
0.00141606
0.00141799
0.00141993
0.00142187
0.00142381
0.00142576
0.00142772
0.00142968
0.00143164
0.00143361
0.00143558
0.00143756
0.00143955
0.00144153
0.00144353
0.00144553
0.00144753
0.00144954
0.00145155
0.00145357
0.00145559
0.00145762
0.00145965
0.00146169
0.00146373
0.00146578
0.00146783
0.00146989
0.00147196
0.00147402
0.0014761
0.00147818
0.00148026
0.00148235
0.00148444
0.00148654
0.00148865
0.00149076
0.00149287
0.00149499
0.00149712
0.00149925
0.00150139
0.00150353
0.00150567
0.00150783
0.00150998
0.00151215
0.00151431
0.00151649
0.00151867
0.00152085
0.00152304
0.00152524
0.00152744
0.00152964
0.00153186
0.00153407
0.0015363
0.00153853
0.00154076
0.001543
0.00154524
0.00154749
0.00154975
0.00155201
0.00155428
0.00155655
0.00155883
0.00156112
0.00156341
0.0015657
0.00156801
0.00157031
0.00157263
0.00157495
0.00157727
0.0015796
0.00158194
0.00158428
0.00158663
0.00158898
0.00159134
0.00159371
0.00159608
0.00159846
0.00160084
0.00160323
0.00160563
0.00160803
0.00161044
0.00161285
0.00161527
0.00161769
0.00162013
0.00162256
0.00162501
0.00162746
0.00162991
0.00163238
0.00163484
0.00163732
0.0016398
0.00164229
0.00164478
0.00164728
0.00164978
0.00165229
0.00165481
0.00165734
0.00165987
0.0016624
0.00166495
0.0016675
0.00167005
0.00167261
0.00167518
0.00167776
0.00168034
0.00168293
0.00168552
0.00168812
0.00169073
0.00169334
0.00169596
0.00169859
0.00170122
0.00170386
0.0017065
0.00170916
0.00171182
0.00171448
0.00171715
0.00171983
0.00172252
0.00172521
0.00172791
0.00173061
0.00173332
0.00173604
0.00173877
0.0017415
0.00174424
0.00174698
0.00174973
0.00175249
0.00175526
0.00175803
0.00176081
0.00176359
0.00176639
0.00176919
0.00177199
0.0017748
0.00177762
0.00178045
0.00178328
0.00178612
0.00178897
0.00179183
0.00179469
0.00179755
0.00180043
0.00180331
0.0018062
0.00180909
0.001812
0.00181491
0.00181782
0.00182075
0.00182368
0.00182661
0.00182956
0.00183251
0.00183547
0.00183843
0.00184141
0.00184438
0.00184737
0.00185036
0.00185337
0.00185637
0.00185939
0.00186241
0.00186544
0.00186847
0.00187152
0.00187457
0.00187763
0.00188069
0.00188376
0.00188684
0.00188993
0.00189302
0.00189612
0.00189923
0.00190234
0.00190546
0.00190859
0.00191173
0.00191487
0.00191802
0.00192118
0.00192434
0.00192751
0.00193069
0.00193388
0.00193707
0.00194027
0.00194348
0.0019467
0.00194992
0.00195315
0.00195638
0.00195963
0.00196288
0.00196614
0.0019694
0.00197267
0.00197595
0.00197924
0.00198253
0.00198583
0.00198914
0.00199246
0.00199578
0.00199911
0.00200245
0.00200579
0.00200914
0.0020125
0.00201586
0.00201924
0.00202261
0.002026
0.00202939
0.0020328
0.0020362
0.00203962
0.00204304
0.00204647
0.0020499
0.00205335
0.0020568
0.00206025
0.00206372
0.00206719
0.00207067
0.00207415
0.00207764
0.00208114
0.00208465
0.00208816
0.00209168
0.0020952
0.00209874
0.00210228
0.00210582
0.00210938
0.00211294
0.0021165
0.00212008
0.00212366
0.00212724
0.00213084
0.00213444
0.00213804
0.00214166
0.00214528
0.0021489
0.00215253
0.00215617
0.00215982
0.00216347
0.00216713
0.00217079
0.00217447
0.00217814
0.00218183
0.00218552
0.00218921
0.00219292
0.00219662
0.00220034
0.00220406
0.00220779
0.00221152
0.00221526
0.002219
0.00222275
0.00222651
0.00223027
0.00223404
0.00223781
0.00224159
0.00224537
0.00224916
0.00225296
0.00225676
0.00226057
0.00226438
0.0022682
0.00227202
0.00227585
0.00227968
0.00228352
0.00228736
0.00229121
0.00229506
0.00229892
0.00230278
0.00230665
0.00231052
0.0023144
0.00231828
0.00232216
0.00232605
0.00232995
0.00233385
0.00233775
0.00234166
0.00234557
0.00234948
0.0023534
0.00235732
0.00236125
0.00236518
0.00236911
0.00237305
0.00237699
0.00238094
0.00238488
0.00238884
0.00239279
0.00239675
0.00240071
0.00240467
0.00240863
0.0024126
0.00241657
0.00242055
0.00242452
0.0024285
0.00243248
0.00243646
0.00244044
0.00244443
0.00244842
0.0024524
0.00245639
0.00246039
0.00246438
0.00246837
0.00247237
0.00247636
0.00248036
0.00248436
0.00248836
0.00249235
0.00249635
0.00250035
0.00250435
0.00250835
0.00251235
0.00251634
0.00252034
0.00252434
0.00252833
0.00253233
0.00253632
0.00254031
0.0025443
0.00254829
0.00255228
0.00255626
0.00256024
0.00256422
0.0025682
0.00257218
0.00257615
0.00258012
0.00258409
0.00258805
0.00259201
0.00259596
0.00259991
0.00260386
0.00260781
0.00261174
0.00261568
0.00261961
0.00262353
0.00262745
0.00263136
0.00263527
0.00263917
0.00264307
0.00264695
0.00265084
0.00265471
0.00265858
0.00266244
0.00266629
0.00267014
0.00267398
0.0026778
0.00268162
0.00268544
0.00268924
0.00269303
0.00269681
0.00270059
0.00270435
0.0027081
0.00271184
0.00271558
0.00271929
0.002723
0.0027267
0.00273038
0.00273405
0.00273771
0.00274136
0.00274499
0.00274861
0.00275221
0.0027558
0.00275938
0.00276294
0.00276648
0.00277001
0.00277353
0.00277702
0.0027805
0.00278396
0.00278741
0.00279084
0.00279425
0.00279764
0.00280101
0.00280436
0.00280769
0.002811
0.00281429
0.00281756
0.00282081
0.00282404
0.00282724
0.00283043
0.00283358
0.00283672
0.00283983
0.00284292
0.00284598
0.00284901
0.00285202
0.00285501
0.00285797
0.00286089
0.0028638
0.00286667
0.00286952
0.00287233
0.00287512
0.00287787
0.0028806
0.00288329
0.00288595
0.00288858
0.00289117
0.00289373
0.00289626
0.00289875
0.00290121
0.00290363
0.00290602
0.00290836
0.00291067
0.00291294
0.00291518
0.00291737
0.00291952
0.00292163
0.0029237
0.00292573
0.00292771
0.00292965
0.00293155
0.0029334
0.00293521
0.00293697
0.00293868
0.00294034
0.00294196
0.00294352
0.00294504
0.0029465
0.00294792
0.00294928
0.00295059
0.00295184
0.00295304
0.00295418
0.00295527
0.0029563
0.00295727
0.00295818
0.00295903
0.00295982
0.00296055
0.00296122
0.00296182
0.00296236
0.00296283
0.00296324
0.00296357
0.00296385
0.00296405
0.00296418
0.00296424
0.00296423
0.00296414
0.00296398
0.00296374
0.00296343
0.00296304
0.00296257
0.00296203
0.0029614
0.00296069
0.00295989
0.00295902
0.00295805
0.002957
0.00295587
0.00295464
0.00295332
0.00295191
0.00295041
0.00294882
0.00294713
0.00294534
0.00294345
0.00294147
0.00293939
0.0029372
0.00293491
0.00293252
0.00293002
0.00292741
0.00292469
0.00292187
0.00291893
0.00291588
0.00291271
0.00290943
0.00290603
0.00290251
0.00289887
0.00289511
0.00289122
0.00288721
0.00288307
0.0028788
0.0028744
0.00286987
0.0028652
0.0028604
0.00285546
0.00285039
0.00284517
0.0028398
0.0028343
0.00282864
0.00282284
0.00281689
0.00281078
0.00280452
0.00279811
0.00279154
0.0027848
0.00277791
0.00277085
0.00276362
0.00275623
0.00274866
0.00274092
0.00273301
0.00272492
0.00271665
0.0027082
0.00269957
0.00269075
0.00268174
0.00267254
0.00266314
0.00265356
0.00264377
0.00263378
0.00262359
0.0026132
0.0026026
0.00259178
0.00258076
0.00256952
0.00255806
0.00254638
0.00253447
0.00252234
0.00250998
0.00249739
0.00248456
0.00247149
0.00245819
0.00244464
0.00243084
0.0024168
0.0024025
0.00238795
0.00237314
0.00235806
0.00234272
0.00232712
0.00231124
0.00229509
0.00227866
0.00226194
0.00224495
0.00222766
0.00221008
0.00219221
0.00217404
0.00215557
0.00213679
0.0021177
0.0020983
0.00207859
0.00205855
0.00203819
0.00201749
0.00199647
0.00197511
0.00195341
0.00193137
0.00190898
0.00188623
0.00186313
0.00183967
0.00181584
0.00179165
0.00176708
0.00174213
0.0017168
0.00169108
0.00166497
0.00163846
0.00161156
0.00158425
0.00155652
0.00152839
0.00149983
0.00147085
0.00144143
0.00141159
0.0013813
0.00135056
0.00131938
0.00128774
0.00125564
0.00122308
0.00119004
0.00115652
0.00112253
0.00108804
0.00105306
0.00101758
0.000981593
0.000945096
0.000908081
0.000870543
0.000832475
0.000793871
0.000754726
0.000715033
0.000674785
0.000633976
0.0005926
0.00055065
0.00050812
0.000465002
0.00042129
0.000376978
0.000332057
0.000286522
0.000240365
0.00019358
0.000146157
9.80917e-05
4.93751e-05
-1